1.2617447800
1.1713239965
0.8378543737
0.9412756972
0.8977749962
1.3841964700
0.8270428963
1.0411531706
1.3805795405
1.3356645824
0.6855654363
1.0954450769
1.2083045556
0.2097617621
1.0583004877
0.2449489655
0.7238784176
1.3856405979
0.7224956495
1.3438749476
0.4959838535
1.0825894508
1.0488088117
1.2696455759
0.6356099211
1.2393546277
1.2782800500
1.2173741814
1.3601470036
0.8508818657
1.0677077882
0.8246210963
0.8520563068
0.9633275331
0.5099019334
0.8797726673
1.3490737095
1.2132600290
0.4266145653
0.5440588011
0.4381780308
1.1789825712
0.9455156997
1.3468481260
1.4106735489
1.0592449773
1.1480417713
0.7681145482
1.1523887832
0.9055384826
0.7099295491
1.0963575677
1.0139033133
0.3316624672
1.3725887472
0.3098386568
1.3251414560
1.0564089753
1.0059820721
0.5176871461
1.3557285396
0.9391485178
1.1670475164
1.2505998127
1.1849050182
0.4774934389
0.3872983209
0.2049390082
1.2008330026
0.4123105481
1.4064138308
1.3892443511
1.2497999407
0.8426149478
0.3286335231
0.1949358801
0.1673319992
1.3949909909
0.5882176263
0.5966573348
1.2774975095
0.7602630858
1.2417728831
1.3579395688
0.3521363251
1.0295629785
0.7999999723
1.3498147554
0.4898979315
0.9273618176
1.3964239559
1.2149073617
1.3704013536
0.9909590972
1.0761040468
1.2280064719
1.4085453004
0.7899366789
0.3577708639
0.9262828622
0.4312771577
0.7707139282
1.2107848274
0.9787747101
0.6708203699
1.2860792689
0.3949683392
1.3813036843
1.2984605823
1.0554619473
0.9176055477
1.3527748790
1.0246950411
0.8590692338
1.2247448289
1.1506519490
0.5899152276
1.3483322565
1.2545915237
1.0079682185
0.4626013241
1.0751743671
1.3190905503
1.3137731464
1.2465953203
1.1054410501
0.8602324966
1.3221194646
1.2930583451
0.4242640538
0.3820994501
1.4092550734
1.2066482087
0.5983309913
0.5138092851
0.5932958582
0.9110433264
0.6572670462
1.1090536122
0.2683281479
1.2206555190
0.3033150071
1.3122499306
1.3564659497
0.7912015901
1.3243866046
0.6260990119
1.2609519777
1.1515206937
0.4582575536
1.1806777306
1.3784048273
1.3747726609
0.7523296890
0.6449805973
0.5916079576
1.1991663356
0.6212889613
1.1153474408
0.5656854054
0.7771743420
0.8955444959
1.3999999515
0.7334848074
0.9570788560
1.0972692999
1.0009994656
0.8136337958
1.0421132017
1.1857486675
0.4837354482
0.6496152482
1.1567194592
1.3107249448
1.1532562193
0.1341640740
1.1384199183
1.0862780116
0.9011103949
0.9348796392
1.1242775070
1.0305338064
0.1483239643
1.1454256452
1.1072488045
0.9705668110
1.1216059527
1.3914021221
1.1958260327
1.3069046950
1.1899579414
0.8740709051
1.1497825482
1.3431306249
0.9549868777
0.4289521966
0.7127411626
0.7375635309
0.9848857461
0.8221921632
0.9186946945
0.8330665953
0.6899275086
1.1410521064
1.2649110202
1.2296340493
1.2992304964
0.9889387907
1.3416407402
0.2323789927
0.9989994648
0.8544003447
0.7197221434
1.2633288922
1.3084341334
1.0620734068
1.1322543491
1.1755849202
0.5999999791
1.0324727241
1.2976902109
0.6480740472
1.3718600036
1.0353742926
0.6557438294
0.5549774575
0.9208691227
0.9591662711
0.8555699559
0.5744562447
0.8402380324
0.7874007602
0.6782329748
0.6049793176
0.9581231321
1.3030732451
1.2345039062
0.0999999964
0.9818349825
0.6418722393
1.1036303346
0.2190890154
0.7615772840
0.6985699437
1.3942739563
0.4171330575
1.2165524638
0.8438008949
0.0894427160
1.3505553943
0.9219544139
0.9808159526
1.1366617396
0.2932575555
0.8876936100
1.2593648755
1.2657013428
1.1224971772
0.9099450218
0.8831760557
0.7028513113
1.1764352527
1.0526157529
0.8854377139
0.5531726480
0.6308723898
1.2672805092
1.3053734647
1.3334166179
0.8318653447
1.0237186761
1.2377398331
0.4878524197
0.6678322912
1.4113822524
0.8625543159
1.1610339815
0.3193743774
1.2099586353
1.3453623583
1.2312594750
1.0695793196
1.2401612368
1.3594115903
0.2366431830
0.7042726502
0.8660253738
0.6324555101
0.5079369862
0.5567764170
0.9241211722
0.5848076404
0.5291502438
0.5422176495
0.7113367449
0.2828427027
0.7211102298
1.3349156813
1.0899540898
1.2767144893
1.0630145445
1.1260550218
0.1732050744
0.6618156615
0.8671793053
0.5477225385
1.1287160455
0.6633249349
0.3130495059
1.1653325302
0.6099180062
0.9066421250
0.8173126411
1.3206058759
1.0158739728
0.7937253658
1.1171391648
0.9088453897
1.1832159157
1.1636150163
0.2966479291
0.7536577210
1.2449899167
1.2263767347
0.3405877152
1.1081515756
1.3992854836
0.7924644826
1.1907980107
1.1541230036
1.3183322339
1.1027238620
0.6737951976
0.1095445077
1.0927030323
0.5403702245
0.0632455507
1.1392979901
1.1144504985
1.3038404360
1.2641202034
1.1009086776
0.9777524909
1.4014277947
1.1419281545
0.7576278509
1.2743625417
1.1593100997
0.8012489970
1.2884098282
0.9949874026
0.9726252793
1.3906832370
1.0099504590
1.2320713839
0.9929752927
0.3898717603
1.0908711734
1.3228756096
1.0917874873
1.2845232133
1.2953763483
1.0723804925
0.6971369782
1.3820274482
0.7266360596
1.0129165458
0.4857982951
0.7589466120
0.2489979831
0.4494440854
0.7483314513
0.6511528012
0.2720294003
1.0798147614
0.8763560615
0.4516635756
0.3065941837
0.5513619310
0.5949789705
0.1414213511
0.8899437874
0.3605551147
1.3827508334
0.9316651435
1.3935565525
1.3023056025
1.0178408166
1.3091981825
0.5495452476
0.6292852871
0.9643650427
0.8579043937
1.1278297352
0.8473487771
0.9305911777
1.1679040650
0.5310367034
0.1264911019
0.9560334389
0.5865151114
0.8786352752
1.3608820196
0.4604345611
1.1891172784
0.4335896526
0.8234075252
0.6999999755
1.1772849713
0.3660600916
0.5585695822
1.3007689584
1.1924763736
1.3549907277
1.3520354559
0.5674504186
0.8258328843
0.7155417278
1.1974973488
1.3978554518
1.2899611951
0.6016643373
1.2328827577
1.2625370845
0.4098780164
1.3446188588
1.2124355235
0.2999999896
1.0999999619
1.2489995565
0.9022194543
0.5118593378
1.4099644898
0.7974960539
0.4669046849
1.1180339502
1.3198484303
1.2024973594
0.6542170667
0.9539391682
1.0440306147
1.1721774205
1.3834738405
1.3878039727
0.4732863661
0.9528903067
1.0344080073
1.1401753854
0.5639148676
1.2922847536
1.2425779225
0.2236067900
1.2116104565
0.5761943916
0.3464101492
1.2727921619
0.7758865627
1.1126544452
0.6957010608
1.1798304552
1.0742438831
0.9295159709
1.0835127681
0.9121403084
1.3638181225
0.2898275247
1.0168578704
0.7720103357
0.3768288605
1.2255610535
1.3319158670
0.4219004475
1.1251666155
1.3754998613
1.0658329707
0.5059644082
1.2759309886
0.3687817655
1.1099549155
1.0363396765
0.3549647746
0.3492849716
0.4816637663
1.0788882794
0.1999999927
1.3542525144
0.9999999651
1.4057026226
1.1644740901
0.7784599913
0.6082762317
0.9622889045
0.6340346774
1.3076696377
1.0936178113
0.3346639988
0.7141428180
0.2144760983
0.6752776969
1.0853570467
1.0516653094
1.1618949636
1.3304134235
1.2409673217
1.3696714458
1.2033286747
0.8944271598
1.0545140696
1.0198038672
0.0447213580
0.2792847911
1.3512956277
0.9132359726
0.9979979615
1.2537941979
1.3114876593
0.8648699024
1.3985706507
1.3408951769
0.4195235246
1.2181953443
1.2821855894
1.2441864382
0.8062257469
0.9828529558
0.9899494592
0.6811754308
0.9969954519
0.4404542954
0.5039841090
0.7509993082
1.3475903957
0.7886697389
1.3311648574
0.6371812709
1.1840607682
1.1999999583
0.6942621740
0.8921882901
0.4753945563
1.1063452964
1.1687599863
1.4042791259
0.3435112685
0.9797958629
1.2058191816
0.4472135799
0.5366562959
1.4078351688
0.6465291725
1.0705138580
0.8366599977
0.4560701540
1.1549891373
1.0770329242
1.0266449857
0.7443117369
0.3255764004
1.2868565908
1.1558546219
1.1584471962
1.2735775937
1.3623508620
1.1045360635
1.3660160578
1.0497618415
1.3630846897
1.2790621123
0.8999999687
1.4071246791
0.9518402899
1.3061393043
1.4049910544
0.5830951692
0.6115553728
0.7949842489
0.9033271517
1.1575836502
1.1949894982
0.7085195589
0.5253570033
1.0227413788
0.4979959666
0.8865663796
0.3847076679
0.5709640770
0.9423374864
0.8209750014
1.2529963651
0.7307530111
0.6928202990
1.1436782368
0.5157518601
0.4024922219
0.4049691204
0.8497058018
1.0611314350
0.8306623576
1.3371611256
0.3924283236
1.2231107457
0.4147288124
1.2016654694
0.7797435205
0.8185352487
0.2863564109
0.7655063416
0.9602082772
0.8683317038
0.7252585492
0.5019959984
1.3213628870
0.8049844438
0.6841052314
0.2569046426
1.1162436623
0.8414273295
0.6244997783
0.3224902987
0.6066300143
0.9838698758
1.1966619827
1.3733171043
0.9359486839
1.1781340772
1.3762266780
1.0430723485
1.2798436959
0.3162277550
1.2553883428
1.0069756350
0.6434282954
1.0315037207
1.2457928769
0.9654014376
1.4035668364
1.2271918738
0.6196773136
0.2645751219
0.2607680871
1.0207839771
0.8910667454
1.1601723609
0.6587867406
1.0535653387
0.9284395189
1.1704699504
1.3971398873
1.0373041625
1.3798550172
1.0119288163
1.3274034346
1.0039919969
1.2353136824
0.4711687430
0.9746794007
0.8809085912
1.3379087695
0.5234500747
0.5727128224
0.9380831192
1.1108554876
1.3849187223
0.4690415594
0.9230384286
1.2907361793
1.1865917169
0.4358898792
1.1313708108
0.6180614643
0.4939635443
1.3928387794
1.3740450754
1.1445522746
1.0890362333
1.3266498703
1.2385474937
1.3175734817
0.2756809653
0.8933084263
1.3711308725
0.7293832758
1.2288205302
0.1183215915
0.9402127094
0.7628892185
0.9757048395
1.0844352995
1.4120905995
0.9507891131
0.7071067565
0.8342661154
1.1941523775
0.5603570095
0.6276941714
0.1612451491
1.3099617860
1.0639548493
1.2361229286
0.8449851777
1.4135062299
0.9959919332
1.0382677522
1.3682104629
0.8294576253
0.8567379699
0.9252026482
0.8124038121
1.2969193822
0.5385164618
1.0401922539
0.7280109636
1.1340193609
1.0881176027
0.7861297331
0.3741657254
0.7321201833
0.7183313747
1.2214744766
1.3236313229
1.3152945982
0.8966604397
1.2433824404
0.8037412241
1.2585705742
1.0816653450
0.7362064673
0.7641989002
0.7549834172
1.3535138983
1.1916374876
1.0686439634
0.8111719633
1.0148891215
1.2239280599
1.0392304487
0.7014270923
0.6228964385
0.8888194109
0.5347896595
1.2074766662
1.3899639803
0.7429669988
0.6387487547
0.7169379084
1.0733125918
0.1788854320
0.9444574835
1.1489124894
0.7694153357
1.1117553301
0.7962411419
0.7733045705
0.6603029380
1.0981802749
1.4007140552
1.2891857447
1.2473972472
1.2961480948
0.3974921242
1.0469001499
0.2529822038
1.0276185707
0.3376388485
1.2140839747
0.9715965902
0.7563067898
1.2577757710
1.3652838059
0.9674708964
1.3364130636
1.2569804653
1.0217631464
0.8160882019
0.1897366527
1.2157301912
0.5796550498
0.7456540493
0.7056911262
1.0449880022
1.4028541846
1.1269427277
0.8024960780
0.9197825510
1.0334408185
0.7469939501
1.2751470064
0.6663332270
1.0019979691
0.7668115539
0.6131883673
0.9612491541
1.3791301129
1.3296615649
1.2513991734
1.0573551543
0.6797057949
1.1375411688
1.2946041417
0.8197560329
1.0285912338
0.7823042613
1.2664911719
1.3326664539
0.0774596641
1.3015375072
0.4449718934
1.3674793858
0.6826419029
1.0049875272
0.7835814939
0.9486832651
0.5692099589
1.1471703923
1.0109401215
0.5272570346
0.3999999859
1.3689411492
1.0779610011
1.2190159545
1.0459445128
0.7848566477
1.2222928847
0.6648307825
0.8354639141
0.6693279981
1.2304470306
1.2806248032
0.9143303242
1.0648943242
0.6164413788
0.6870225375
0.1549193282
1.3258958776
1.3145340923
0.4074309613
1.1349008372
1.2720062453
0.9879270885
0.9338093698
1.1207140191
0.8532291306
0.4427188570
1.3401491991
0.6526867324
0.5813776539
1.0478549153
1.0945318253
0.9433980803
0.9165151073
0.6403124016
1.2712198426
0.5621387535
1.0256704767
0.8282511407
1.3394028055
0.8843076080
0.6033241041
1.3423858890
1.3870832226
0.3794733058
1.1696152808
1.1882760208
1.1357816299
1.0188228148
1.3586757788
0.4795831353
1.0667707911
1.0990904951
0.8820430520
1.1135528339
1.1428035307
0.9370165095
1.2521980242
0.5196152241
1.2915106984
0.2408318832
0.5215361742
1.3168142922
0.7810249403
1.3863620982
1.0507140066
0.8752142289
0.5329164853
1.1730302232
0.6884765550
0.8988881712
1.2049895846
0.4999999823
0.8613941888
1.3957076576
0.9736528816
1.3616166390
0.8729260834
0.6913754167
1.2938314741
0.8485281081
0.1843908825
0.7348468974
0.7745966422
0.9497367726
0.8774964083
1.1815243983
1.3645511610
0.5779273110
0.9154233676
1.4127985919
1.1627553082
1.3160546646
1.3386559961
1.2814054340
1.4021411710
0.8148619230
0.7416198230
1.2091318783
1.1233876948
0.0000000000
1.3572029592
0.9939818569
0.8390470492
1.1738824067
1.2688577101
0.9044334930
1.1874341676
1.3289092812
0.7389181023
1.2198360125
0.9919677069
1.3885243484
1.1661903383
0.9685039674
1.3667479176
0.3633180298
1.1983321328
1.2561846562
0.9465727326
0.7496665665
0.6723094294
0.4538722127
0.3714834992
0.8706319244
1.2837444786
1.1747339717
0.9695359380
1.0714475815
1.1296016607
0.9859005692
1.2876334437
1.0089598256
1.2601586767
0.9767292021
1.2680693548
1.2041594163
0.7987489942
0.8461678028
1.3921206361
1.1823704592
0.9869143493
0.9664367209
1.0807404495
0.8074651416
0.7402701951
1.2853014767
0.8717797585
1.3046071753
0.8694825745
1.0871981964
1.3461054470
0.6148170247
0.9476285866
0.8637128854
1.1933146697
0.8087026365
1.1189280199
1.0601886255
0.4919349379
1.2336935983
1.0029954785
1.1462983508
0.6767569492
1.3281565714
0.8099382413
1.1018166435
0.2280350770
1.2829652708
1.3769531106
1.3130117594
1.2369316448
0.5458937436
0.9327378729
1.2481986587
1.1331371986
1.2999999551
0.4647579854
0.9077444258
1.3341663601
1.3776791603
1.1198213757
1.1304865815
1.2704329533
