1.5919998903
1.3719999054
0.7019999516
0.8859999389
0.8059999445
1.9159998680
0.6839999529
1.0839999253
1.9059998686
1.7839998771
0.4699999676
1.1999999173
1.4599998994
0.0439999970
1.1199999228
0.0599999959
0.5239999639
1.9199998677
0.5219999640
1.8059998755
0.2459999830
1.1719999192
1.0999999242
1.6119998889
0.4039999722
1.5359998941
1.6339998874
1.4819998979
1.8499998725
0.7239999501
1.1399999214
0.6799999531
0.7259999500
0.9279999360
0.2599999821
0.7739999467
1.8199998746
1.4719998986
0.1819999875
0.2959999796
0.1919999868
1.3899999042
0.8939999384
1.8139998750
1.9899998629
1.1219999227
1.3179999092
0.5899999593
1.3279999085
0.8199999435
0.5039999653
1.2019999172
1.0279999292
0.1099999924
1.8839998702
0.0959999934
1.7559998790
1.1159999231
1.0119999303
0.2679999815
1.8379998733
0.8819999392
1.3619999061
1.5639998922
1.4039999032
0.2279999843
0.1499999897
0.0419999971
1.4419999006
0.1699999883
1.9779998637
1.9299998670
1.5619998924
0.7099999511
0.1079999926
0.0379999974
0.0279999981
1.9459998659
0.3459999762
0.3559999755
1.6319998875
0.5779999602
1.5419998937
1.8439998729
0.1239999915
1.0599999269
0.6399999559
1.8219998744
0.2399999835
0.8599999407
1.9499998656
1.4759998983
1.8779998706
0.9819999323
1.1579999202
1.5079998961
1.9839998633
0.6239999570
0.1279999912
0.8579999409
0.1859999872
0.5939999591
1.4659998990
0.9579999340
0.4499999690
1.6539998860
0.1559999892
1.9079998685
1.6859998838
1.1139999232
0.8419999420
1.8299998739
1.0499999276
0.7379999491
1.4999998966
1.3239999088
0.3479999760
1.8179998747
1.5739998915
1.0159999300
0.2139999853
1.1559999203
1.7399998801
1.7259998810
1.5539998929
1.2219999158
0.7399999490
1.7479998795
1.6719998848
0.1799999876
0.1459999899
1.9859998631
1.4559998997
0.3579999753
0.2639999818
0.3519999757
0.8299999428
0.4319999702
1.2299999152
0.0719999950
1.4899998973
0.0919999937
1.7219998813
1.8399998732
0.6259999569
1.7539998791
0.3919999730
1.5899998904
1.3259999086
0.2099999855
1.3939999039
1.8999998691
1.8899998697
0.5659999610
0.4159999713
0.3499999759
1.4379999009
0.3859999734
1.2439999143
0.3199999779
0.6039999584
0.8019999447
1.9599998649
0.5379999629
0.9159999369
1.2039999170
1.0019999309
0.6619999544
1.0859999252
1.4059999031
0.2339999839
0.4219999709
1.3379999078
1.7179998816
1.3299999083
0.0179999988
1.2959999107
1.1799999187
0.8119999440
0.8739999398
1.2639999129
1.0619999268
0.0219999985
1.3119999096
1.2259999155
0.9419999351
1.2579999133
1.9359998666
1.4299999014
1.7079998823
1.4159999024
0.7639999473
1.3219999089
1.8039998757
0.9119999371
0.1839999873
0.5079999650
0.5439999625
0.9699999331
0.6759999534
0.8439999418
0.6939999522
0.4759999672
1.3019999103
1.5999998897
1.5119998958
1.6879998837
0.9779999326
1.7999998759
0.0539999963
0.9979999312
0.7299999497
0.5179999643
1.5959998900
1.7119998820
1.1279999223
1.2819999116
1.3819999048
0.3599999752
1.0659999265
1.6839998839
0.4199999711
1.8819998703
1.0719999261
0.4299999704
0.3079999788
0.8479999416
0.9199999366
0.7319999496
0.3299999773
0.7059999513
0.6199999573
0.4599999683
0.3659999748
0.9179999367
1.6979998830
1.5239998950
0.0099999993
0.9639999336
0.4119999716
1.2179999161
0.0479999967
0.5799999600
0.4879999664
1.9439998660
0.1739999880
1.4799998980
0.7119999509
0.0079999994
1.8239998743
0.8499999414
0.9619999337
1.2919999110
0.0859999941
0.7879999457
1.5859998907
1.6019998896
1.2599999132
0.8279999429
0.7799999462
0.4939999660
1.3839999046
1.1079999236
0.7839999460
0.3059999789
0.3979999726
1.6059998893
1.7039998826
1.7779998775
0.6919999523
1.0479999278
1.5319998944
0.2379999836
0.4459999693
1.9919998627
0.7439999487
1.3479999071
0.1019999930
1.4639998991
1.8099998753
1.5159998955
1.1439999212
1.5379998940
1.8479998726
0.0559999961
0.4959999658
0.7499999483
0.3999999724
0.2579999822
0.3099999786
0.8539999411
0.3419999764
0.2799999807
0.2939999797
0.5059999651
0.0799999945
0.5199999642
1.7819998772
1.1879999181
1.6299998877
1.1299999221
1.2679999126
0.0299999979
0.4379999698
0.7519999482
0.2999999793
1.2739999122
0.4399999697
0.0979999932
1.3579999064
0.3719999744
0.8219999433
0.6679999540
1.7439998798
1.0319999289
0.6299999566
1.2479999140
0.8259999431
1.3999999035
1.3539999067
0.0879999939
0.5679999609
1.5499998932
1.5039998963
0.1159999920
1.2279999154
1.9579998651
0.6279999567
1.4179999023
1.3319999082
1.7379998802
1.2159999162
0.4539999687
0.0119999992
1.1939999177
0.2919999799
0.0039999997
1.2979999105
1.2419999144
1.6999998828
1.5979998899
1.2119999165
0.9559999341
1.9639998646
1.3039999101
0.5739999604
1.6239998881
1.3439999074
0.6419999558
1.6599998856
0.9899999318
0.9459999348
1.9339998667
1.0199999297
1.5179998954
0.9859999320
0.1519999895
1.1899999180
1.7499998794
1.1919999178
1.6499998863
1.6779998844
1.1499999207
0.4859999665
1.9099998684
0.5279999636
1.0259999293
0.2359999837
0.5759999603
0.0619999957
0.2019999861
0.5599999614
0.4239999708
0.0739999949
1.1659999196
0.7679999471
0.2039999859
0.0939999935
0.3039999790
0.3539999756
0.0199999986
0.7919999454
0.1299999910
1.9119998682
0.8679999402
1.9419998662
1.6959998831
1.0359999286
1.7139998819
0.3019999792
0.3959999727
0.9299999359
0.7359999493
1.2719999123
0.7179999505
0.8659999403
1.3639999060
0.2819999806
0.0159999989
0.9139999370
0.3439999763
0.7719999468
1.8519998724
0.2119999854
1.4139999026
0.1879999870
0.6779999533
0.4899999662
1.3859999045
0.1339999908
0.3119999785
1.6919998834
1.4219999020
1.8359998735
1.8279998740
0.3219999778
0.6819999530
0.5119999647
1.4339999012
1.9539998653
1.6639998853
0.3619999751
1.5199998952
1.5939998901
0.1679999884
1.8079998754
1.4699998987
0.0899999938
1.2099999166
1.5599998925
0.8139999439
0.2619999819
1.9879998630
0.6359999562
0.2179999850
1.2499999139
1.7419998799
1.4459999003
0.4279999705
0.9099999373
1.0899999249
1.3739999053
1.9139998681
1.9259998673
0.2239999846
0.9079999374
1.0699999263
1.2999999104
0.3179999781
1.6699998849
1.5439998936
0.0499999966
1.4679998988
0.3319999771
0.1199999917
1.6199998884
0.6019999585
1.2379999147
0.4839999666
1.3919999041
1.1539999205
0.8639999405
1.1739999191
0.8319999427
1.8599998718
0.0839999942
1.0339999287
0.5959999589
0.1419999902
1.5019998965
1.7739998777
0.1779999877
1.2659999127
1.8919998696
1.1359999217
0.2559999824
1.6279998878
0.1359999906
1.2319999151
1.0739999260
0.1259999913
0.1219999916
0.2319999840
1.1639999198
0.0399999972
1.8339998736
0.9999999311
1.9759998638
1.3559999065
0.6059999582
0.3699999745
0.9259999362
0.4019999723
1.7099998822
1.1959999176
0.1119999923
0.5099999649
0.0459999968
0.4559999686
1.1779999188
1.1059999238
1.3499999070
1.7699998780
1.5399998939
1.8759998707
1.4479999002
0.7999999449
1.1119999234
1.0399999283
0.0019999999
0.0779999946
1.8259998742
0.8339999425
0.9959999314
1.5719998917
1.7199998815
0.7479999484
1.9559998652
1.7979998761
0.1759999879
1.4839998977
1.6439998867
1.5479998933
0.6499999552
0.9659999334
0.9799999325
0.4639999680
0.9939999315
0.1939999866
0.2539999825
0.5639999611
1.8159998748
0.6219999571
1.7719998779
0.4059999720
1.4019999034
1.4399999008
0.4819999668
0.7959999451
0.2259999844
1.2239999156
1.3659999059
1.9719998641
0.1179999919
0.9599999338
1.4539998998
0.1999999862
0.2879999802
1.9819998634
0.4179999712
1.1459999210
0.6999999518
0.2079999857
1.3339999081
1.1599999201
1.0539999274
0.5539999618
0.1059999927
1.6559998859
1.3359999079
1.3419999075
1.6219998882
1.8559998721
1.2199999159
1.8659998714
1.1019999241
1.8579998720
1.6359998873
0.8099999442
1.9799998635
0.9059999376
1.7059998824
1.9739998640
0.3399999766
0.3739999742
0.6319999564
0.8159999438
1.3399999077
1.4279999016
0.5019999654
0.2759999810
1.0459999279
0.2479999829
0.7859999458
0.1479999898
0.3259999775
0.8879999388
0.6739999535
1.5699998918
0.5339999632
0.4799999669
1.3079999099
0.2659999817
0.1619999888
0.1639999887
0.7219999502
1.1259999224
0.6899999524
1.7879998768
0.1539999894
1.4959998969
0.1719999881
1.4439999005
0.6079999581
0.6699999538
0.0819999943
0.5859999596
0.9219999365
0.7539999480
0.5259999637
0.2519999826
1.7459998797
0.6479999553
0.4679999677
0.0659999955
1.2459999141
0.7079999512
0.3899999731
0.1039999928
0.3679999746
0.9679999333
1.4319999013
1.8859998700
0.8759999396
1.3879999043
1.8939998695
1.0879999250
1.6379998871
0.0999999931
1.5759998914
1.0139999301
0.4139999715
1.0639999267
1.5519998930
0.9319999358
1.9699998642
1.5059998962
0.3839999735
0.0699999952
0.0679999953
1.0419999282
0.7939999453
1.3459999072
0.4339999701
1.1099999235
0.8619999406
1.3699999056
1.9519998655
1.0759999258
1.9039998688
1.0239999294
1.7619998786
1.0079999305
1.5259998948
0.2219999847
0.9499999345
0.7759999465
1.7899998766
0.2739999811
0.3279999774
0.8799999394
1.2339999150
1.9179998678
0.2199999848
0.8519999413
1.6659998852
1.4079999030
0.1899999869
1.2799999118
0.3819999737
0.2439999832
1.9399998663
1.8879998699
1.3099999097
1.1859999183
1.7599998787
1.5339998943
1.7359998804
0.0759999948
0.7979999450
1.8799998704
0.5319999633
1.5099998959
0.0139999990
0.8839999391
0.5819999599
0.9519999344
1.1759999190
1.9939998626
0.9039999377
0.4999999655
0.6959999520
1.4259999017
0.3139999784
0.3939999728
0.0259999982
1.7159998817
1.1319999220
1.5279998947
0.7139999508
1.9979998623
0.9919999316
1.0779999257
1.8719998710
0.6879999526
0.7339999494
0.8559999410
0.6599999545
1.6819998841
0.2899999800
1.0819999254
0.5299999635
1.2859999114
1.1839999184
0.6179999574
0.1399999904
0.5359999631
0.5159999644
1.4919998972
1.7519998793
1.7299998808
0.8039999446
1.5459998935
0.6459999555
1.5839998908
1.1699999194
0.5419999626
0.5839999598
0.5699999607
1.8319998737
1.4199999021
1.1419999213
0.6579999547
1.0299999290
1.4979998968
1.0799999256
0.4919999661
0.3879999733
0.7899999456
0.2859999803
1.4579998995
1.9319998669
0.5519999620
0.4079999719
0.5139999646
1.1519999206
0.0319999978
0.8919999385
1.3199999090
0.5919999592
1.2359999148
0.6339999563
0.5979999588
0.4359999700
1.2059999169
1.9619998648
1.6619998855
1.5559998928
1.6799998842
0.1579999891
1.0959999245
0.0639999956
1.0559999272
0.1139999921
1.4739998984
0.9439999349
0.5719999606
1.5819998910
1.8639998715
0.9359999355
1.7859998769
1.5799998911
1.0439999280
0.6659999541
0.0359999975
1.4779998981
0.3359999768
0.5559999617
0.4979999657
1.0919999247
1.9679998644
1.2699999125
0.6439999556
0.8459999417
1.0679999264
0.5579999615
1.6259998879
0.4439999694
1.0039999308
0.5879999595
0.3759999741
0.9239999363
1.9019998689
1.7679998782
1.5659998921
1.1179999229
0.4619999682
1.2939999108
1.6759998845
0.6719999537
1.0579999271
0.6119999578
1.6039998895
1.7759998776
0.0059999996
1.6939998833
0.1979999864
1.8699998711
0.4659999679
1.0099999304
0.6139999577
0.8999999380
0.3239999777
1.3159999093
1.0219999296
0.2779999808
0.1599999890
1.8739998708
1.1619999199
1.4859998976
1.0939999246
0.6159999575
1.4939998970
0.4419999695
0.6979999519
0.4479999691
1.5139998957
1.6399998870
0.8359999424
1.1339999218
0.3799999738
0.4719999675
0.0239999983
1.7579998788
1.7279998809
0.1659999886
1.2879999112
1.6179998885
0.9759999327
0.8719999399
1.2559999134
0.7279999498
0.1959999865
1.7959998762
0.4259999706
0.3379999767
1.0979999243
1.1979999174
0.8899999387
0.8399999421
0.4099999717
1.6159998886
0.3159999782
1.0519999275
0.6859999527
1.7939998764
0.7819999461
0.3639999749
1.8019998758
1.9239998674
0.1439999901
1.3679999057
1.4119999027
1.2899999111
1.0379999285
1.8459998728
0.2299999841
1.1379999216
1.2079999167
0.7779999464
1.2399999145
1.3059999100
0.8779999395
1.5679998919
0.2699999814
1.6679998850
0.0579999960
0.2719999813
1.7339998805
0.6099999580
1.9219998675
1.1039999239
0.7659999472
0.2839999804
1.3759999052
0.4739999673
0.8079999443
1.4519998999
0.2499999828
0.7419999489
1.9479998657
0.9479999347
1.8539998722
0.7619999475
0.4779999671
1.6739998846
0.7199999504
0.0339999977
0.5399999628
0.5999999586
0.9019999378
0.7699999469
1.3959999038
1.8619998717
0.3339999770
0.8379999422
1.9959998624
1.3519999068
1.7319998806
1.7919998765
1.6419998868
1.9659998645
0.6639999542
0.5499999621
1.4619998992
1.2619999130
0.0000000000
1.8419998731
0.9879999319
0.7039999515
1.3779999050
1.6099998890
0.8179999436
1.4099999028
1.7659998783
0.5459999624
1.4879998975
0.9839999322
1.9279998671
1.3599999063
0.9379999354
1.8679998713
0.1319999909
1.4359999010
1.5779998912
0.8959999382
0.5619999613
0.4519999688
0.2059999858
0.1379999905
0.7579999478
1.6479998864
1.3799999049
0.9399999352
1.1479999209
1.2759999121
0.9719999330
1.6579998857
1.0179999298
1.5879998906
0.9539999343
1.6079998892
1.4499999001
0.6379999560
0.7159999507
1.9379998664
1.3979999037
0.9739999329
0.9339999356
1.1679999195
0.6519999551
0.5479999622
1.6519998861
0.7599999476
1.7019998827
0.7559999479
1.1819999185
1.8119998751
0.3779999739
0.8979999381
0.7459999486
1.4239999019
0.6539999549
1.2519999137
1.1239999225
0.2419999833
1.5219998951
1.0059999307
1.3139999094
0.4579999684
1.7639998784
0.6559999548
1.2139999163
0.0519999964
1.6459998866
1.8959998693
1.7239998812
1.5299998946
0.2979999795
0.8699999400
1.5579998926
1.2839999115
1.6899998835
0.2159999851
0.8239999432
1.7799998773
1.8979998692
1.2539999136
1.2779999119
1.6139998888
